
history:2023-12-15 20:31:46.909052 
clear:2023-12-15 20:31:49.260627 
build:2023-12-15 20:31:53.096983 feed:2023-12-15 20:31:53.096983 
clear:2023-12-15 20:32:50.739005 
build:2023-12-15 20:32:53.691012 
qui:2023-12-15 20:33:08.589953 
build:2023-12-15 20:33:19.731936 feed:2023-12-15 20:33:19.731936 
qqqqqqdsdasdsd:2023-12-15 20:36:52.690609 
:2023-12-15 20:36:52.852207 
:2023-12-15 20:36:52.990971 
:2023-12-15 20:36:53.133728 
:2023-12-15 20:36:53.242911 
:2023-12-15 20:36:53.382653 
build:2023-12-15 20:44:20.853899 feed:2023-12-15 20:44:20.853899 
clear:2023-12-15 20:51:52.713164 
help:2023-12-15 20:52:26.693136 -a:2023-12-15 20:52:26.693136 
clear:2023-12-15 20:52:34.423306 
help:2023-12-15 20:52:37.118610 
celar:2023-12-15 20:52:43.184669 
clear:2023-12-15 20:52:46.383631 