
history:2023-12-16 12:17:28.449592 

clear:2023-12-16 12:17:32.241240 

history:2023-12-16 12:17:33.766440 

clear:2023-12-16 12:17:40.369763 

build:2023-12-16 12:17:49.305816 -f:2023-12-16 12:17:49.305816 

:2023-12-16 12:24:44.484608 

build:2023-12-16 12:24:52.056154 -f:2023-12-16 12:24:52.056154 
