
clear:2023-12-14 08:34:54.841729 
clear:2023-12-14 08:43:11.764621 
history:2023-12-14 08:43:19.060529 
clear:2023-12-14 08:43:29.155992 
clear:2023-12-14 08:44:54.395152 
help:2023-12-14 08:44:58.331220 
help:2023-12-14 08:45:01.715376 -a:2023-12-14 08:45:01.715376 
clear:2023-12-14 08:45:08.843138 