
history:2023-12-16 12:17:28.449592 

clear:2023-12-16 12:17:32.241240 

history:2023-12-16 12:17:33.766440 

clear:2023-12-16 12:17:40.369763 

build:2023-12-16 12:17:49.305816 -f:2023-12-16 12:17:49.305816 

:2023-12-16 12:24:44.484608 

build:2023-12-16 12:24:52.056154 -f:2023-12-16 12:24:52.056154 

clear:2023-12-18 20:15:50.019248 

build:2023-12-18 20:15:57.196143 -f:2023-12-18 20:15:57.196143 

build:2023-12-18 21:20:01.973673 -f:2023-12-18 21:20:01.973673 

build:2023-12-18 21:23:17.897383 -f:2023-12-18 21:23:17.897383 
